0 0.4034690796875 0.7637219546875 0.436274509375 0.7669771640625 0.436274509375 0.757962740625 0.4034690796875 0.7549579328125 0.4034690796875 0.7637219546875
0 0.27450980468749997 0.6155770281249999 0.296955625 0.6181469296875 0.296568628125 0.61215049375 0.2733488125 0.6104372265625 0.27450980468749997 0.6155770281249999
0 0.4442724453125 0.5577256937499999 0.4451754390625 0.5577256937499999 0.44526143749999997 0.5572117140625 0.4443584453125 0.5565264078125 0.44379945000000004 0.5559553187499999 0.4431114546875 0.555098684375 0.4430684546875 0.5540707234375 0.44362745156249994 0.55315698125 0.43253353906249997 0.5522432390625001 0.432447540625 0.558182565625 0.442552459375 0.55892498125 0.4427674578125 0.558182565625 0.44349845156249995 0.5580112390624999 0.4442724453125 0.5577256937499999
0 0.46031746093750003 0.456194196875 0.476540615625 0.4577442953125 0.4766573296875 0.45293898749999995 0.4605508875 0.45185391875 0.46031746093750003 0.456194196875
0 0.502673796875 0.387813684375 0.5149286984375 0.3887014671875 0.5147058828125 0.38529829531250004 0.502673796875 0.384558475 0.502673796875 0.387813684375
0 0.449377828125 0.3718449515625 0.46021870312499996 0.37209535312500003 0.4605015078125 0.3690905453125 0.449472096875 0.36858974375 0.449377828125 0.3718449515625
0 0.584763071875 0.3751627609375 0.5966094765625 0.3755696609375 0.5966094765625 0.37217881875000003 0.5846609484374999 0.3720431859375 0.584763071875 0.3751627609375
0 0.114763553125 0.538258271875 0.13350634374999998 0.5405560656249999 0.13350634374999998 0.5350030640625 0.11447520156249999 0.5327052703125 0.114763553125 0.538258271875
0 0.2975778546875 0.42164522031249996 0.3101211078125 0.4231770828125 0.3101211078125 0.41896446093749995 0.2974336796875 0.4178155640625 0.2975778546875 0.42164522031249996
0 0.41921977187500004 0.3432888453125 0.42841094843749994 0.3438313796875 0.4283088234375 0.34111870624999996 0.41921977187500004 0.34071180624999997 0.41921977187500004 0.3432888453125
0 0.9843514328125 0.3302784453125 0.9960407234374999 0.33077924687500004 0.9960407234374999 0.32777443906250003 0.9843514328125 0.3275240390625 0.9843514328125 0.3302784453125
0 0.9572099671875 0.31060112812499996 0.9653799015625 0.31060112812499996 0.9667075171875 0.3080240890625 0.95700571875 0.3076171875 0.9572099671875 0.31060112812499996